T= 0
  X= 0 0 0 0 0 0 1
  V= 0 0 0 0 0 0
T= 0.001
  X= 0.000221489 -0.000496762 0.000221489 -3.6228e-05 -5.90638e-05 0.0001197 1
  V= 0.221489 -0.496762 0.221489 -0.0724561 -0.118128 0.239401
T= 0.002
  X= 0.000824465 -0.00134711 0.000538259 -0.00014384 -0.000134369 0.00036382 1
  V= 0.602976 -0.850347 0.31677 -0.215245 -0.150626 0.488224
T= 0.003
  X= 0.00194419 -0.00243691 0.000856934 -0.000352568 -0.00018487 0.000739543 1
  V= 1.11972 -1.08981 0.318674 -0.417554 -0.101067 0.751385
T= 0.004
  X= 0.0035747 -0.00378124 0.00119262 -0.00065846 -0.000208119 0.00125047 0.999999
  V= 1.63051 -1.34433 0.335689 -0.611972 -0.0466064 1.02174
T= 0.005
  X= 0.00555758 -0.00551983 0.00166336 -0.00102415 -0.000249638 0.0018913 0.999998
  V= 1.98289 -1.73858 0.470736 -0.731526 -0.0830917 1.28157
T= 0.006
  X= 0.00771815 -0.00779171 0.00238955 -0.00141221 -0.000364969 0.00265118 0.999995
  V= 2.16057 -2.27188 0.726194 -0.775978 -0.230514 1.51985
T= 0.007
  X= 0.0100338 -0.010599 0.00337856 -0.00182138 -0.000566363 0.00352281 0.999992
  V= 2.31562 -2.80733 0.989008 -0.817822 -0.402441 1.74361
T= 0.008
  X= 0.0126646 -0.013797 0.00450919 -0.00228844 -0.000808677 0.00451007 0.999987
  V= 2.63087 -3.19793 1.13063 -0.933511 -0.484332 1.97491
T= 0.009
  X= 0.0158128 -0.0172244 0.00564144 -0.00285264 -0.0010287 0.00562741 0.99998
  V= 3.14812 -3.42745 1.13225 -1.12834 -0.44009 2.23473
T= 0.01
  X= 0.0195491 -0.0208444 0.00674414 -0.00351947 -0.00119866 0.00688965 0.999969
  V= 3.7363 -3.62002 1.10271 -1.33456 -0.340318 2.52405
T= 0.011
  X= 0.0237696 -0.0247575 0.0079124 -0.00425973 -0.0013459 0.0082988 0.999956
  V= 4.22053 -3.91311 1.16826 -1.48202 -0.294775 2.81761
T= 0.012
  X= 0.0282994 -0.0290937 0.00926911 -0.00503929 -0.00152789 0.00983922 0.999938
  V= 4.52981 -4.3362 1.35671 -1.56028 -0.363745 3.0805
T= 0.013
  X= 0.0330265 -0.0339098 0.0108651 -0.00584406 -0.00179007 0.0114891 0.999915
  V= 4.72707 -4.81609 1.59596 -1.60935 -0.523502 3.30023
T= 0.014
  X= 0.037959 -0.0391787 0.0126692 -0.00667922 -0.00213743 0.0132405 0.999888
  V= 4.9325 -5.26889 1.80409 -1.66856 -0.693425 3.50438
T= 0.015
  X= 0.0432067 -0.044829 0.0146179 -0.00755762 -0.0025313 0.01511 0.999854
  V= 5.24769 -5.65026 1.94872 -1.75455 -0.786021 3.74104
T= 0.016
  X= 0.0490626 -0.050674 0.0165725 -0.0085175 -0.00286283 0.0171438 0.999813
  V= 5.85599 -5.84503 1.9546 -1.92075 -0.661477 4.06823
T= 0.017
  X= 0.0555697 -0.0566556 0.0184971 -0.00957092 -0.00312478 0.0193384 0.999762
  V= 6.5071 -5.98159 1.9246 -2.11128 -0.522911 4.38828
T= 0.018
  X= 0.0626148 -0.0628237 0.0204327 -0.0107042 -0.00336663 0.0216688 0.999702
  V= 7.04504 -6.16808 1.9356 -2.27247 -0.483246 4.65963
T= 0.019
  X= 0.0697598 -0.0695085 0.0226462 -0.0118367 -0.00373682 0.0240885 0.999633
  V= 7.14502 -6.68483 2.21355 -2.26556 -0.737676 4.84162
T= 0.02
  X= 0.0769508 -0.0767872 0.0252199 -0.012944 -0.00424143 0.0266099 0.999553
  V= 7.191 -7.27869 2.57366 -2.20963 -1.00275 5.04868
T= 0.021
  X= 0.0845944 -0.084378 0.0279466 -0.0140838 -0.00473327 0.0292914 0.99946
  V= 7.64358 -7.59082 2.72675 -2.27793 -0.975097 5.36859
T= 0.022
  X= 0.0929675 -0.0920118 0.0305939 -0.0153161 -0.00513814 0.0321407 0.999353
  V= 8.3731 -7.63379 2.64731 -2.47011 -0.802381 5.70122
T= 0.023
  X= 0.102161 -0.0995566 0.0330312 -0.0166687 -0.00544648 0.0351443 0.999228
  V= 9.19375 -7.54477 2.43724 -2.71896 -0.61284 6.00666
T= 0.024
  X= 0.111724 -0.10738 0.035561 -0.0180526 -0.005806 0.038262 0.999088
  V= 9.56228 -7.82373 2.52985 -2.77891 -0.713217 6.23753
T= 0.025
  X= 0.121385 -0.115749 0.0384464 -0.0194005 -0.00628656 0.041492 0.998931
  V= 9.66111 -8.36858 2.88539 -2.69896 -0.948025 6.46824
T= 0.026
  X= 0.131142 -0.124698 0.041759 -0.0206966 -0.00687605 0.0448508 0.998756
  V= 9.75691 -8.94873 3.31256 -2.58901 -1.15645 6.73188
T= 0.027
  X= 0.141578 -0.13369 0.0450385 -0.0220558 -0.00740178 0.0483736 0.998558
  V= 10.4362 -8.99242 3.27954 -2.72521 -1.02901 7.05747
T= 0.028
  X= 0.152871 -0.142527 0.0480877 -0.0235175 -0.00782414 0.0520621 0.998336
  V= 11.293 -8.8371 3.0492 -2.94355 -0.825847 7.3844
T= 0.029
  X= 0.164898 -0.151307 0.0509695 -0.0250511 -0.00818744 0.055906 0.998088
  V= 12.0277 -8.77947 2.88184 -3.09674 -0.708263 7.69383
T= 0.03
  X= 0.177038 -0.160619 0.0542295 -0.0265221 -0.00867071 0.0598699 0.997816
  V= 12.1395 -9.31262 3.25996 -2.96007 -0.934119 7.94353
T= 0.031
  X= 0.189248 -0.17049 0.0579287 -0.0279204 -0.00928529 0.0639513 0.997519
  V= 12.2107 -9.87075 3.69921 -2.80267 -1.18159 8.18937
T= 0.032
  X= 0.202035 -0.180421 0.06165 -0.0293468 -0.00988297 0.0681821 0.997192
  V= 12.7867 -9.93112 3.72126 -2.86649 -1.14452 8.48937
T= 0.033
  X= 0.215618 -0.190199 0.0651789 -0.030835 -0.0104034 0.0725779 0.996832
  V= 13.5826 -9.77824 3.52896 -3.00598 -0.990077 8.8171
T= 0.034
  X= 0.230009 -0.199818 0.0684934 -0.032374 -0.0108432 0.0771474 0.996435
  V= 14.3912 -9.61864 3.31449 -3.12489 -0.826757 9.16237
T= 0.035
  X= 0.244979 -0.2095 0.0718154 -0.0339102 -0.0112668 0.0818811 0.996001
  V= 14.9697 -9.68246 3.32194 -3.12706 -0.78364 9.49474
T= 0.036
  X= 0.260125 -0.219622 0.0755266 -0.035362 -0.0117938 0.086749 0.995533
  V= 15.1467 -10.1219 3.71126 -2.94658 -0.966631 9.77716
T= 0.037
  X= 0.275546 -0.230052 0.0795042 -0.0367523 -0.0124039 0.0917437 0.995027
  V= 15.4209 -10.4292 3.97756 -2.81525 -1.11352 10.0434
T= 0.038
  X= 0.291515 -0.240495 0.0834667 -0.0381293 -0.0130213 0.0968836 0.99448
  V= 15.9691 -10.4431 3.96251 -2.79485 -1.11656 10.3403
T= 0.039
  X= 0.308434 -0.250563 0.0870591 -0.0395505 -0.0135214 0.102212 0.993884
  V= 16.9183 -10.0682 3.59241 -2.91546 -0.879472 10.7144
T= 0.04
  X= 0.326198 -0.260338 0.0903922 -0.0409901 -0.0139347 0.107729 0.993237
  V= 17.7646 -9.77528 3.33305 -2.97872 -0.696773 11.0917
T= 0.041
  X= 0.344461 -0.270173 0.0938163 -0.0423713 -0.0143638 0.11341 0.99254
  V= 18.2629 -9.83515 3.42418 -2.86695 -0.702494 11.4335
T= 0.042
  X= 0.363116 -0.280144 0.0973825 -0.0436775 -0.0148477 0.119233 0.991794
  V= 18.655 -9.97082 3.56613 -2.7134 -0.783485 11.7323
T= 0.043
  X= 0.382152 -0.29026 0.101079 -0.0448944 -0.0153924 0.125201 0.990996
  V= 19.0355 -10.1156 3.69678 -2.53047 -0.871538 12.0405
T= 0.044
  X= 0.401649 -0.300442 0.104845 -0.0460229 -0.0159684 0.131322 0.990142
  V= 19.497 -10.1828 3.76587 -2.35759 -0.899585 12.3626
T= 0.045
  X= 0.421945 -0.310272 0.108355 -0.0471239 -0.0164747 0.137629 0.989225
  V= 20.2964 -9.82968 3.50966 -2.33425 -0.739825 12.7423
T= 0.046
  X= 0.443158 -0.319559 0.111432 -0.0482173 -0.0168864 0.144129 0.988239
  V= 21.2132 -9.28647 3.07746 -2.35854 -0.535162 13.1331
T= 0.047
  X= 0.465266 -0.328309 0.114057 -0.0492846 -0.0172142 0.150825 0.987181
  V= 22.1078 -8.75031 2.6252 -2.34452 -0.344962 13.5347
T= 0.048
  X= 0.487831 -0.337074 0.116707 -0.0502235 -0.017581 0.15768 0.986055
  V= 22.565 -8.76475 2.64951 -2.09009 -0.3684 13.8792
T= 0.049
  X= 0.510629 -0.346086 0.119632 -0.0509895 -0.0180555 0.164673 0.984864
  V= 22.7983 -9.01201 2.92489 -1.72562 -0.513973 14.1864
T= 0.05
  X= 0.533735 -0.355223 0.122772 -0.0515916 -0.0186113 0.171814 0.983601
  V= 23.1059 -9.13707 3.1406 -1.389 -0.607798 14.5181
T= 0.051
  X= 0.55799 -0.363332 0.125077 -0.0521887 -0.0190049 0.179168 0.98225
  V= 24.2549 -8.10928 2.30469 -1.45513 -0.27115 14.9488
T= 0.052
  X= 0.583354 -0.370384 0.126481 -0.0527675 -0.0192638 0.186729 0.980804
  V= 25.3637 -7.05242 1.40375 -1.48494 0.0183167 15.3774
T= 0.053
  X= 0.609271 -0.377226 0.127703 -0.0531698 -0.0195425 0.194477 0.97927
  V= 25.9173 -6.84116 1.22224 -1.1458 0.0645931 15.7867
T= 0.054
  X= 0.635492 -0.38413 0.129045 -0.0533606 -0.0199142 0.202368 0.977652
  V= 26.221 -6.90389 1.34189 -0.709036 -0.0226287 16.1161
T= 0.055
  X= 0.661993 -0.391082 0.130549 -0.0533318 -0.0203826 0.210407 0.975945
  V= 26.5006 -6.95246 1.5041 -0.255661 -0.110498 16.4609
T= 0.056
  X= 0.689431 -0.396991 0.131235 -0.0532166 -0.0207562 0.218633 0.974134
  V= 27.4388 -5.90865 0.686194 -0.148393 0.123825 16.8641
T= 0.057
  X= 0.717845 -0.401666 0.130883 -0.0530212 -0.0210437 0.227043 0.972213
  V= 28.414 -4.67561 -0.352485 -0.0490641 0.341379 17.2642
T= 0.058
  X= 0.747141 -0.405336 0.129627 -0.0526579 -0.021269 0.235674 0.970171
  V= 29.2953 -3.67004 -1.25568 0.227222 0.558765 17.7496
T= 0.059
  X= 0.77698 -0.408477 0.12793 -0.0520654 -0.0215329 0.244467 0.968019
  V= 29.8388 -3.14089 -1.69673 0.673068 0.605718 18.1297
T= 0.06
  X= 0.806955 -0.411779 0.126513 -0.0511531 -0.021942 0.253406 0.965757
  V= 29.975 -3.30199 -1.41718 1.34691 0.493339 18.4935
T= 0.061
  X= 0.837182 -0.414938 0.125089 -0.0499565 -0.0224658 0.26245 0.96339
  V= 30.227 -3.15924 -1.42393 1.93851 0.421317 18.7754
T= 0.062
  X= 0.868431 -0.416172 0.121981 -0.0486426 -0.0229013 0.271668 0.960888
  V= 31.2498 -1.23316 -3.10786 2.09395 0.660136 19.1771
T= 0.063
  X= 0.900592 -0.415475 0.117191 -0.0471901 -0.0232973 0.281031 0.958255
  V= 32.1602 0.69644 -4.79015 2.32028 0.820482 19.5309
T= 0.064
  X= 0.933399 -0.413508 0.111342 -0.0454619 -0.023714 0.290582 0.955475
  V= 32.8078 1.96684 -5.84952 2.83799 0.949051 19.9873
T= 0.065
  X= 0.966562 -0.410721 0.104838 -0.0434196 -0.0242502 0.300231 0.952569
  V= 33.163 2.78733 -6.50407 3.49331 0.908068 20.2742
T= 0.066
  X= 0.9999 -0.407525 0.0980143 -0.0409748 -0.0249662 0.310002 0.949524
  V= 33.3371 3.19584 -6.82337 4.35054 0.812896 20.6252
T= 0.067
  X= 1.03343 -0.403909 0.0908704 -0.038112 -0.025841 0.319859 0.946345
  V= 33.5272 3.61631 -7.14387 5.22706 0.771203 20.9059
T= 0.068
  X= 1.06735 -0.398515 0.0822578 -0.0349737 -0.0268408 0.329747 0.94304
  V= 33.9197 5.39386 -8.61267 5.81756 0.70378 21.0672
T= 0.069
  X= 1.10164 -0.39069 0.0715763 -0.0315928 -0.0280096 0.339618 0.939615
  V= 34.2915 7.82533 -10.6814 6.38019 0.537805 21.1407
T= 0.07
  X= 1.13615 -0.380506 0.058918 -0.0279321 -0.0294017 0.349434 0.936083
  V= 34.513 10.1835 -12.6583 7.05478 0.29991 21.138
T= 0.071
  X= 1.17079 -0.368672 0.0448361 -0.0237779 -0.0310521 0.359273 0.932413
  V= 34.6378 11.834 -14.0819 8.14926 0.15803 21.3224
T= 0.072
  X= 1.20525 -0.355482 0.0296847 -0.0191934 -0.0330588 0.368968 0.928656
  V= 34.4652 13.1904 -15.1514 9.2149 -0.208121 21.1595
T= 0.073
  X= 1.23937 -0.341307 0.013738 -0.0140847 -0.0355067 0.378536 0.924798
  V= 34.1165 14.1751 -15.9466 10.5195 -0.650273 21.0494
T= 0.074
  X= 1.27314 -0.325756 -0.00327215 -0.00846125 -0.0383829 0.387882 0.92087
  V= 33.7686 15.5508 -17.0102 11.8095 -1.06285 20.7403
T= 0.075
  X= 1.30612 -0.30718 -0.0226197 -0.00258792 -0.0419003 0.39668 0.916997
  V= 32.9771 18.5754 -19.3475 12.8167 -2.05403 19.7149
T= 0.076
  X= 1.33803 -0.285761 -0.0440268 0.00349458 -0.0461487 0.40481 0.913229
  V= 31.9132 21.4193 -21.4071 13.8387 -3.22145 18.4263
T= 0.077
  X= 1.3689 -0.262466 -0.0668408 0.0101159 -0.0511749 0.41235 0.909531
  V= 30.8675 23.2948 -22.814 15.5046 -4.19082 17.3372
T= 0.078
  X= 1.39846 -0.237776 -0.0904109 0.0170814 -0.0570065 0.419122 0.905978
  V= 29.5628 24.6903 -23.5701 16.8731 -5.3411 15.8391
T= 0.079
  X= 1.42662 -0.212132 -0.114353 0.0243452 -0.0636515 0.425064 0.902594
  V= 28.1613 25.6437 -23.9418 18.185 -6.51665 14.1987
T= 0.08
  X= 1.45329 -0.185894 -0.138427 0.0319825 -0.0711675 0.430092 0.899407
  V= 26.6664 26.2388 -24.0744 19.707 -7.69904 12.3878
T= 0.081
  X= 1.47788 -0.158221 -0.162972 0.0396227 -0.0797244 0.43381 0.896595
  V= 24.597 27.6725 -24.545 20.7774 -9.4252 9.63404
T= 0.082
  X= 1.5002 -0.129135 -0.18763 0.0468674 -0.08926 0.436047 0.894259
  V= 22.3136 29.0858 -24.6577 21.1187 -11.3293 6.42166
T= 0.083
  X= 1.52053 -0.0996719 -0.21194 0.0541144 -0.0997271 0.436963 0.892294
  V= 20.3325 29.4633 -24.3099 22.1325 -12.8055 3.65421
T= 0.084
  X= 1.53936 -0.0709338 -0.235096 0.0613295 -0.110808 0.43681 0.890594
  V= 18.8338 28.7382 -23.1564 22.7923 -13.7673 1.44581
T= 0.085
  X= 1.55669 -0.0432992 -0.256954 0.0684621 -0.122477 0.435561 0.889156
  V= 17.3289 27.6346 -21.8574 23.3701 -14.6942 -0.824926
T= 0.086
  X= 1.57215 -0.0164948 -0.277662 0.0753557 -0.134856 0.432962 0.888076
  V= 15.4578 26.8044 -20.7087 23.8504 -15.8864 -3.69779
T= 0.087
  X= 1.58562 0.00995449 -0.29708 0.0814689 -0.147761 0.428935 0.887437
  V= 13.4642 26.4493 -19.4177 23.2406 -17.1546 -6.91566
T= 0.088
  X= 1.59735 0.0354502 -0.315018 0.0869058 -0.161051 0.423615 0.887164
  V= 11.7339 25.4957 -17.9385 22.6917 -18.105 -9.7845
T= 0.089
  X= 1.60788 0.0588315 -0.331376 0.0921022 -0.174594 0.417344 0.88705
  V= 10.5283 23.3813 -16.3579 22.7518 -18.5541 -11.7171
T= 0.09
  X= 1.61722 0.07975 -0.346017 0.096976 -0.188302 0.410186 0.887065
  V= 9.34677 20.9185 -14.6404 22.6027 -18.9082 -13.5412
T= 0.091
  X= 1.62515 0.0985932 -0.358981 0.101285 -0.202166 0.402028 0.887268
  V= 7.92119 18.8432 -12.9646 22.0725 -19.3768 -15.7179
T= 0.092
  X= 1.63168 0.115494 -0.370237 0.104693 -0.216001 0.392937 0.887684
  V= 6.53305 16.9006 -11.2562 20.7832 -19.7688 -17.9114
T= 0.093
  X= 1.6364 0.13057 -0.379546 0.106857 -0.229779 0.382602 0.888481
  V= 4.7187 15.0761 -9.30889 18.9969 -20.2073 -20.9508
T= 0.094
  X= 1.63832 0.140649 -0.386655 0.108151 -0.243937 0.370732 0.889582
  V= 1.92538 10.0788 -7.10828 18.3813 -21.0896 -24.3835
T= 0.095
  X= 1.63936 0.147116 -0.392358 0.109182 -0.257916 0.358457 0.890543
  V= 1.03937 6.46748 -5.70387 17.9915 -20.9758 -25.0794
T= 0.096
  X= 1.63893 0.151377 -0.396044 0.108891 -0.271464 0.345568 0.891646
  V= -0.428347 4.26075 -3.6859 15.6242 -20.9123 -26.8851
T= 0.097
  X= 1.63612 0.149606 -0.395639 0.106458 -0.283904 0.332429 0.89306
  V= -2.81373 -1.77092 0.405276 11.1134 -20.1669 -28.485
T= 0.098
  X= 1.63175 0.144056 -0.392801 0.102828 -0.295653 0.319169 0.894509
  V= -4.37233 -5.55008 2.838 8.56295 -19.7164 -29.2378
T= 0.099
  X= 1.62608 0.135352 -0.387956 0.098322 -0.306824 0.30593 0.895879
  V= -5.67186 -8.70345 4.84489 6.62675 -19.3015 -29.5424
